00000222220000000000000000000
00000200002222222200000000000
00022200000000000022222222222
00020000000000000002222222222
0002000000000000000000F000222
22222000001100000000000000002
22220000001100000000000000002
22200000001100000000000000002
22R00000000000000000000000002
20000000000000001111111100002
200000000000000000C0000000002
20000000000000000000000000002
22222222222220000000000000002
200C0000000000000000000000002
20000000000000000000000F00002
20000000000001111000000000002
20000000000000000000000000222
22000000000000S00002222222222
22200000000000000020000000000
22222222222222222220000000000

