22222222222222222222222222222
20000000000000000000000000002
20000000000000000000000000002
222200000011000000C0000000002
22222200001100000000002222222
22222000001100000000000022222
22220000000000000000000000002
22200000000000000000000000002
22000000000000001000000000002
20000000C00000001000000000002
20000000000000001000000000222
20000000000000001000000000222
20000000000000000000000000002
20000000000000000000000000002
20000111111111000000000000002
20000001111100000000000000002
20000000000000000000J00000002
22000000R00000000000000000002
22200000000000000000000000002
22222222222222222222222222222

