00000222220000000000000000000
00000200002222222200000000000
00022200000000000022222222222
00020000R011000000000000C0002
00020000001100000000000000002
22222000001111100000000000002
22220000000000000000000000002
22200000000000000000000000002
22000000000000000000000000002
20000000000000001111111100002
20000000000000000000000000002
20000000000100000000000000002
20000000000100000000000000002
200F0000000100000000000000002
20000000000100000000000000002
20000000000100000000000000002
20000000000000000000000000222
22000000000000S00002222222222
22200000000000000020000000000
22222222222222222220000000000

