22222222222222222222222222222
20000000000000000000000000002
20000000000000000000000000002
22220000001100000000000R00002
22222200001100000000000000002
22222000001111100000000000002
22220000000000000000000000002
22200000000000000000000000002
22000000000000000000000000002
20000000F10000000000000000002
20000001111100000000000222222
200000000000000000000000S0222
20000000000000000000000000002
20000000000000000000000000002
20000000000000000000000000002
20000000002000000000000000002
20000000002000000000000000002
22000000002000000000000000002
22200000002000000000000000002
22222222222222222222222222222
