000002222200000000000000000000000
000002000022222222000000000000000
000222000000000000222222000002222
000200000000000000022222222222222
000200000000000000000000000000222
222220000011000000000011111100002
2222000000110000000000100R0100002
222000000000000000000011111100002
220000000000000000000000000000002
200000000000000000000000000000002
200000000000000000C00000000000002
200000000000000000000000000000002
222222222222200000000000000000002
200000000000000000000000000000002
200000000000000000000000000000002
200000000000000000000000000000002
200000000000000000000000000000222
200000000000000000000000000000222
220000000000000000022222200002222
222000000000000000200000222222000
222222222222222222200000000000000

