22222222222222222222222222222
20000000000000000000000000002
20000000000010000000000000002
200000S0000010000000000R00002
20000000000010000000000000002
20000000000000000000000000002
2000000000000S000000000000002
20000000000000000000000000002
22000000000000000111111111002
20000000000000000000000000002
20000000000000000000000000002
20000001111100000000000000002
20000001000100000000000000002
20000001111100000000000000002
200000000000000000000F0022222
20000000000000000000000022222
2000F000000000000000000002222
2200000000000S000000002222222
22200000000000000000022222222
22222222222222222222222222222

