22222222222222222222222222222
20000000000000000000000000002
200000000000000000000R0000002
22220000001100000000000000002
22222200001100000000000000002
22222000001111100000000000002
22220000000000000000000000002
2220000000000000000000000S002
22000000S00000000000000000002
20000000010000000000000000002
20000001111100000000000222222
20000000000000000000000000222
20C00000000000000000000000002
20000000000000001111111000002
20000000000000001000J01000002
20000000002000001000001000002
20000000002000000000000000002
22000000002000000000000000002
2220000000200000C000000000002
22222222222222222222222222222